function [a1 a2 a3 m1 m2 m3 g] = inputs()

a1=1; a2=1; a3=0.05;
m1=1; m2=1; m3=0.05;
g=9.81;